>TATTGCACAATAT	MA0836.2_MA0836.2.CEBPD	0
0.238533	0.167723	0.258671	0.335074
0.451846	0.167677	0.267341	0.113136
0.009789	0.013845	0.009323	0.967043
0.009277	0.003776	0.010861	0.976086
0.087032	0.013938	0.806871	0.092159
0.01226	0.964153	0.009976	0.013612
0.744639	0.047641	0.122366	0.085353
0.062512	0.813817	0.017574	0.106097
0.957486	0.030393	0.003496	0.008624
0.949748	0.014684	0.018833	0.016735
0.097986	0.295637	0.146094	0.460283
0.339222	0.238719	0.167024	0.255034
0.260861	0.241236	0.20413	0.293772