>TTATTGCACAATAT	MA0102.4_MA0102.4.CEBPA	0
0.303913	0.187626	0.200587	0.307874
0.22389	0.162032	0.25394	0.360138
0.688252	0.092199	0.161665	0.057884
0.011	0.010455	0.009139	0.969406
0.012683	0.003569	0.029936	0.953812
0.117109	0.011848	0.732719	0.138324
0.014531	0.950901	0.008582	0.025986
0.789957	0.044745	0.085452	0.079845
0.077149	0.778932	0.020037	0.123881
0.910295	0.07158	0.004304	0.013822
0.951571	0.013088	0.01748	0.01786
0.057036	0.204967	0.092553	0.645444
0.355075	0.220194	0.16369	0.261041
0.274141	0.217042	0.203094	0.305723