>TGCTGACTCAGCAAT	MA0496.3_MA0496.3.MAFK	0
0.230912	0.208548	0.192697	0.367843
0.185603	0.205957	0.423397	0.185043
0.272335	0.5219	0.129625	0.076139
0.031237	0.030309	0.020451	0.918004
0.021417	0.026404	0.902598	0.049581
0.917849	0.032281	0.025245	0.024626
0.048169	0.756272	0.146383	0.049175
0.052615	0.0219	0.020895	0.904589
0.035141	0.925349	0.018498	0.021011
0.921541	0.017049	0.024491	0.03692
0.027815	0.037132	0.850756	0.084297
0.051494	0.840028	0.06431	0.044168
0.479414	0.273283	0.088723	0.15858
0.307979	0.207542	0.203193	0.281285
0.286427	0.18858	0.165095	0.359899