>GTCATCAATCATT	MA1639.1_MA1639.1.MEIS1	0
0.270784	0.21155	0.282363	0.235303
0.276722	0.293795	0.113124	0.31636
0.144002	0.678593	0.027167	0.150238
0.947595	0.009056	0.032363	0.010986
0.011876	0.010243	0.012322	0.965558
0.340707	0.531473	0.037411	0.09041
0.900089	0.049881	0.004899	0.045131
0.907363	0.03177	0.028504	0.032363
0.018854	0.012916	0.009353	0.958878
0.023159	0.94522	0.009056	0.022565
0.806562	0.041419	0.022565	0.129454
0.257571	0.223278	0.138658	0.380493
0.27791	0.228919	0.187203	0.305968