>CGGCACCTGCCCC	MA0830.2_MA0830.2.TCF4	0
0.20526	0.341151	0.242321	0.211268
0.238724	0.229221	0.292483	0.239572
0.141456	0.171797	0.627796	0.058951
0.008247	0.973562	0.010894	0.007297
0.917122	0.021551	0.04395	0.017377
0.007331	0.908366	0.058816	0.025488
0.012082	0.940913	0.040624	0.00638
0.012625	0.034482	0.023044	0.929849
0.008519	0.018327	0.964941	0.008213
0.057492	0.642627	0.17923	0.120652
0.187816	0.436857	0.167419	0.207908
0.217648	0.29384	0.270287	0.218225
0.174207	0.334057	0.260037	0.231699